max_x 39
max_y 43
periods: 17
OF
0 0.3001645285659996
1 0.2919445180273902
2 0.2858071519623855
3 0.28339361082727227
4 0.28717197297415176
5 0.28735371590535463
6 0.28661266559023263
7 0.28314227534066566
8 0.27401672229832913
9 0.26669976099391524
10 0.26232090789677737
11 0.25604767410118506
12 0.24903526906357296
13 0.24201746158421616
14 0.3777932448046553
15 0.49440103354127385
16 0.5169288046932979
period, Objective, permBS
0 0.30852066577474385 1
0 0.30059738088431354
1 0.29979292674481145
2 0.30113246651659087
3 0.30393500123100714
4 0.309510602666907
5 0.3108300800087509
6 0.3099678114065009
7 0.3118425542164812
8 0.31183812667494115
9 0.31588378786025306
10 0.31617199635395155
11 0.31856003404196226
12 0.31867381579996107
13 0.3195989052760267
14 0.3966771626593528
15 0.5297981944694963
16 0.5313537222810972
period, Objective, permBS
0 0.3415390922995512 2
0 0.6786816093003016
1 0.6697706499293175
2 0.6662412046669589
3 0.6621503201903797
4 0.665794925523366
5 0.6658786639390349
6 0.6660505721622794
7 0.6582508852016722
8 0.6490313407194872
9 0.6406157412801659
10 0.6290588798962885
11 0.6193044162600736
12 0.6132147107193693
13 0.6031652291923081
14 0.6294097277962598
15 0.8525345593617806
16 0.9360670317720966
period, Objective, permBS
0 0.6767776745830123 3
0 0.5049219143085917
1 0.5064707330691247
2 0.5080639242106776
3 0.5084166995341027
4 0.5118408497222187
5 0.5125154912766029
6 0.5127721704945394
7 0.5142709061832786
8 0.5143929241313855
9 0.5152233388329831
10 0.5151777180624809
11 0.517191533607998
12 0.5181962197444878
13 0.5191255333232634
14 0.5849956674911256
15 0.8299196855643161
16 0.8860870073768307
period, Objective, permBS, TempBS
0 0.5576224892314107 3 1
0 0.5006349581183552
1 0.5020177270738418
2 0.5026588521944555
3 0.5012978947319905
4 0.5017103317710936
5 0.5013350848360727
6 0.5011798609883888
7 0.49832374654733486
8 0.49670874967552064
9 0.49527538605165505
10 0.49569610368386585
11 0.4973298085157778
12 0.49787990216006306
13 0.5031468579034344
14 0.650922280624
15 0.8386770234975157
16 0.8697811830157153
period, Objective, permBS, TempBS
0 0.5502691618464136 3 2
0 0.4795995622181711
1 0.48145579114670634
2 0.48278739579711055
3 0.48281240894067967
4 0.4822665712859208
5 0.4844742835676373
6 0.48488646201821795
7 0.4805892601124298
8 0.4799178976236402
9 0.4789190726431571
10 0.4790189960341265
11 0.48057929781506104
12 0.4822927125362352
13 0.48644850301068915
14 0.6851027501668597
15 0.8270566835605617
16 0.8596366658469554
period, Objective, permBS, TempBS
0 0.5363437831955379 3 3
0 0.5167082231905984
1 0.516344446452489
2 0.517508772886782
3 0.5183261016139947
4 0.5219352814726489
5 0.5226586472095158
6 0.5229345856844602
7 0.5234385559999285
8 0.5241955135040474
9 0.5257740235036783
10 0.5256783226180447
11 0.5264999813623682
12 0.5279220092305665
13 0.5273435293289088
14 0.5889799307613598
15 0.8169588835880087
16 0.9150888702546174
period, Objective, permBS, TempBS
0 0.5669585693330622 3 4
0 0.5602207359162594
1 0.5581694837823311
2 0.5556203627711301
3 0.5545719701962565
4 0.5565038928872298
5 0.5586919284388496
6 0.5592853468839517
7 0.5577946557393794
8 0.554601142783127
9 0.5549489778683429
10 0.5503451366322134
11 0.5467607184945242
12 0.5461531335162143
13 0.5417179312365791
14 0.5999783501514627
15 0.8090457087823042
16 0.8410318021529297
period, Objective, permBS, TempBS
0 0.5885553693078258 3 5
0 0.4744068460036795
1 0.4741559799516373
2 0.47576239562490763
3 0.4777230882176714
4 0.47923300620535003
5 0.48205876865033553
6 0.482829697451913
7 0.4841432337019235
8 0.4850810463635282
9 0.48708621440465677
10 0.4882705699306425
11 0.48897657730233723
12 0.491255428689854
13 0.49054826621145803
14 0.5848204870283704
15 0.7938014541030556
16 0.8165833823556727
period, Objective, permBS, TempBS
0 0.5268668495410039 3 6
0 0.5167380248236532
1 0.5189735578986614
2 0.5205020805619942
3 0.5194249140533962
4 0.5206059828004308
5 0.5203344598215925
6 0.5205638595460993
7 0.5177443518085902
8 0.5169073696687324
9 0.5154918520716946
10 0.5149096065904073
11 0.5174839346924731
12 0.5186897787615308
13 0.5239425196888182
14 0.6679456813900424
15 0.8698129028204108
16 0.9040332027220499
period, Objective, permBS, TempBS
0 0.5708296517482665 3 7
0 0.6981761823393142
1 0.6952327835584444
2 0.6925857171882059
3 0.6889138593511812
4 0.6869012572426184
5 0.686338005854951
6 0.6869345909047927
7 0.5776226507846253
8 0.5777250432894079
9 0.5614902124631678
10 0.5610887484093696
11 0.5601739631554647
12 0.562511863534096
13 0.5645995808320472
14 0.7359568708643116
15 0.9450473464882216
16 0.9828659291928438
period, Objective, permBS, TempBS
0 0.6743626238501883 3 8
0 0.5237720837557559
1 0.5201861730738487
2 0.5169101355022504
3 0.5141746923487017
4 0.5160270680092324
5 0.5179273036173242
6 0.5191521249278569
7 0.5173652988076604
8 0.5106783433649013
9 0.5026675031607976
10 0.4992332315862326
11 0.49530722915571795
12 0.4897845280217639
13 0.4877454977362448
14 0.6116280762224685
15 0.7671950664867192
16 0.7977874809008112
period, Objective, permBS, TempBS
0 0.5475024609810766 3 9
0 0.45412444878226954
1 0.4570066819245496
2 0.4590702476088425
3 0.4589158290909903
4 0.4594188123675829
5 0.4610630451496673
6 0.46200390645100625
7 0.4628661502215897
8 0.4627130171144669
9 0.4625250386404799
10 0.46289827496708763
11 0.4637512178899919
12 0.46506274670793984
13 0.46476497504265035
14 0.47255636545890506
15 0.7213348588545192
16 0.7723175164996959
period, Objective, permBS, TempBS
0 0.49543489016307546 3 10
0 0.6204412887109058
1 0.6175188574791719
2 0.6153972360522323
3 0.6134383985847628
4 0.6138486802100385
5 0.6133164018288662
6 0.6130058888819334
7 0.6044791671219903
8 0.5991566880628256
9 0.5946023603979754
10 0.5865283771656918
11 0.5811567167633785
12 0.5797693903805884
13 0.5738917216202191
14 0.6631451618546401
15 0.8659579337123263
16 0.9174854167664607
period, Objective, permBS, TempBS
0 0.6395964520937628 3 11
0 0.762371019596633
1 0.7530671942773564
2 0.747393603922199
3 0.740310279154588
4 0.7400974461178549
5 0.7386012683267512
6 0.738544828586638
7 0.6197590349293659
8 0.6121109202448515
9 0.5845273622412254
10 0.5802948301483113
11 0.5723072933030543
12 0.5667789967743987
13 0.557728711519388
14 0.6328862472443281
15 0.9359462977820038
16 0.9892665474060823
period, Objective, permBS, TempBS
0 0.6983524636220616 3 12
0 0.46602170805091514
1 0.4660740546199503
2 0.46789212863797497
3 0.4700296775366602
4 0.47086379192580463
5 0.4740641779894902
6 0.4748141171246565
7 0.47642495465679774
8 0.47787326299883887
9 0.47990931475552057
10 0.4809575543167484
11 0.48240357300038655
12 0.48371212544153724
13 0.48368295199916495
14 0.5353084461557102
15 0.7724272920367881
16 0.7951261898611295
period, Objective, permBS, TempBS
0 0.5151520777122396 3 13
0 0.5578464009200613
1 0.5545586464636347
2 0.5529603434202197
3 0.5521499176380311
4 0.5535710268309282
5 0.5559324656815408
6 0.556665446021864
7 0.5546974915123494
8 0.5526597796514726
9 0.5522382957023336
10 0.5476799936080201
11 0.5436443514228341
12 0.542800634278933
13 0.5368119502051542
14 0.5534470031023708
15 0.7957640642626428
16 0.8201709125802709
period, Objective, permBS, TempBS
0 0.5813881601942763 3 14
0 0.6299280506029907
1 0.6211490627011849
2 0.6181222441016342
3 0.6146842537476976
4 0.6166149963316974
5 0.6180749675342682
6 0.6188539896044947
7 0.611967248506773
8 0.6046702065751096
9 0.5963031785404052
10 0.5871398842214294
11 0.5781975791268071
12 0.5740898496937821
13 0.5654298171396496
14 0.639448210229478
15 0.8319071327684421
16 0.8580140760111272
period, Objective, permBS, TempBS
0 0.6343879263198247 3 15
0 0.4370009155597304
1 0.43906848407972027
2 0.44137893264361194
3 0.44247340397664603
4 0.4439125357947337
5 0.44675034705143657
6 0.44795828576501234
7 0.4508855537065781
8 0.4509127120996548
9 0.4516933506746038
10 0.45286948225006685
11 0.455043369899711
12 0.4549777286700953
13 0.4563688959795915
14 0.511207407872577
15 0.7144608149311793
16 0.7551738940948802
period, Objective, permBS, TempBS
0 0.4854197714735169 3 16
0 0.5487645093302678
1 0.5455974293550246
2 0.5431489130963292
3 0.5412172880413718
4 0.5424625658219742
5 0.5428726123986166
6 0.5424315860018861
7 0.5406598023123318
8 0.5347471527199972
9 0.5297675288611767
10 0.5273997261974813
11 0.5247065383964336
12 0.5222423661367529
13 0.5243136615650724
14 0.6690891244006126
15 0.8240046734442015
16 0.8657020282812548
period, Objective, permBS, TempBS
0 0.580536912138873 3 17
0 0.6437738504918897
1 0.6397120507307754
2 0.6374524626651603
3 0.6349675800133634
4 0.6362668525109821
5 0.6359408772447216
6 0.6360978332098648
7 0.6271516524994789
8 0.6209685333779711
9 0.6166538198291271
10 0.6076946876055574
11 0.6014761503747891
12 0.5992845339015848
13 0.5940106720364361
14 0.6765354725474916
15 0.8904096245401112
16 0.9438951629511547
period, Objective, permBS, TempBS
0 0.6613112833253195 3 18
0 0.7057046146126715
1 0.7011934781021472
2 0.6973940707318707
3 0.6927723797752411
4 0.6902575299893803
5 0.6897228791820836
6 0.6900659174485448
7 0.6216563847992181
8 0.61822467645033
9 0.6095466769288138
10 0.6047987202681387
11 0.5986328748188723
12 0.5974100314348443
13 0.5942757563451199
14 0.6045955709150188
15 0.8744812387192056
16 0.9234229787025309
period, Objective, permBS, TempBS
0 0.6773032811308296 3 19
0 0.6806165989905357
1 0.6762951996641697
2 0.6716164434273684
3 0.6648945350973505
4 0.6633498044517641
5 0.6626442135118994
6 0.6622930090194397
7 0.5320296057143374
8 0.531729252284461
9 0.5122387300391921
10 0.5114740897344724
11 0.5098108851780734
12 0.510685697888187
13 0.5084492927740261
14 0.5796852342799438
15 0.8761212490259225
16 0.9367692354750454
period, Objective, permBS, TempBS
0 0.6288648868562581 3 20
too many TempBS
